Chris Neubauer       809000 1 1 0 0 2 5 0 15 4 5 -510.0000 -125.0000 -510.0000 -125.0000 4 5 0 0 0 0 0 0 0 0 0 0 0 0 0 0 0 0 0 0 02/13/93
Scott Grill          2100 1 1 9 0 3 0 0 0 27 6 -11.0037 -3.4529 0.0000 0.0000 0 0 0 0 0 0 0 0 0 0 0 0 0 0 0 0 0 0 0 0 02/13/93
Bud Mckinney         2200 0 1 0 0 2 0 0 0 0 0 0.0000 0.0000 0.0000 0.0000 0 0 0 0 0 0 0 0 0 0 0 0 0 0 0 0 0 0 0 0 02/13/93
Brad Pohner          115300 4 1 3 0 3 0 0 2 49 6 -4.7627 13.8264 -4.7627 13.8264 49 6 0 0 0 0 0 0 0 0 0 0 0 0 0 0 0 0 0 0 02/13/93
Michael Snyder       2100 2 3 12 8 3 0 0 0 25 13 -6.4180 32.5768 0.0000 0.0000 0 0 6 10 0 0 0 0 0 0 0 0 0 0 0 0 0 0 0 0 02/13/93
Steven Tribbey       2200 0 1 0 0 2 0 0 0 0 0 0.0000 0.0000 0.0000 0.0000 0 0 0 0 0 0 0 0 0 0 0 0 0 0 0 0 0 0 0 0 02/13/93
Darren Nattinger     2100 1 1 3 0 4 0 0 0 33 5 -220.0000 -125.0000 0.0000 0.0000 0 0 0 0 0 0 0 0 0 0 0 0 0 0 0 0 0 0 0 0 02/13/93
Byron Miller         2100 3 1 0 0 2 0 0 0 4 5 -510.0000 -125.0000 0.0000 0.0000 0 0 0 0 0 0 0 0 0 0 0 0 0 0 0 0 0 0 0 0 02/13/93
Robert Peterson      4850 1 17 0 -1 2 0 0 0 19 13 -130.0000 200.0000 0.0000 0.0000 0 0 4 4 5 3 3 3 3 6 3 4 3 4 4 3 9 3 0 0 02/13/93
Debbie Whitley       2100 1 1 3 0 5 0 0 0 58 10 26.9265 -0.0037 0.0000 0.0000 0 0 0 0 0 0 0 0 0 0 0 0 0 0 0 0 0 0 0 0 02/13/93
Jerry Woods          2100 1 2 0 1 2 0 0 0 4 5 -270.0000 25.0000 0.0000 0.0000 0 0 6 0 0 0 0 0 0 0 0 0 0 0 0 0 0 0 0 0 02/13/93
Paul Larson          2100 1 1 2 0 2 0 0 0 4 5 -510.0000 -125.0000 0.0000 0.0000 0 0 0 0 0 0 0 0 0 0 0 0 0 0 0 0 0 0 0 0 02/13/93
Robert Leonard       1350 3 15 0 24 2 0 0 0 10 10 -390.0000 175.0000 0.0000 0.0000 0 0 6 2 4 8 6 7 8 6 6 5 7 6 4 6 0 0 0 0 02/13/93
Dale Ball            2200 1 3 6 5 3 0 0 0 25 7 -5.3338 -6.9932 0.0000 0.0000 0 0 7 6 0 0 0 0 0 0 0 0 0 0 0 0 0 0 0 0 02/13/93
Karen Neubauer       2100 1 2 0 1 2 0 0 0 4 5 -270.0000 25.0000 0.0000 0.0000 0 0 6 0 0 0 0 0 0 0 0 0 0 0 0 0 0 0 0 0 02/13/93
Ed Garcia            2100 1 1 1 0 5 0 0 0 30 3 -249.8653 -177.4454 0.0000 0.0000 0 0 0 0 0 0 0 0 0 0 0 0 0 0 0 0 0 0 0 0 02/13/93
Jacob Gladden        2100 3 4 0 5 2 0 0 0 7 9 -300.0000 100.0000 0.0000 0.0000 0 0 5 6 6 0 0 0 0 0 0 0 0 0 0 0 0 0 0 0 02/13/93
Wallace Hill         5750 2 11 0 -2 2 0 0 0 14 5 -410.0000 -200.0000 -410.0000 -200.0000 14 5 5 4 4 2 3 4 4 10 4 3 0 0 0 0 0 0 0 0 02/13/93
Joe Hacker           1300 1 1 1 0 4 0 0 0 32 5 -230.0000 -123.6049 0.0000 0.0000 0 0 0 0 0 0 0 0 0 0 0 0 0 0 0 0 0 0 0 0 02/13/93
Paul Denton          1300 1 6 0 19 2 0 0 0 40 13 330.0000 275.0000 0.0000 0.0000 0 0 10 5 10 8 5 0 0 0 0 0 0 0 0 0 0 0 0 0 02/13/93
Chris Scott          1500 1 1 2 0 6 0 0 0 45 13 -95.4892 84.5852 0.0000 0.0000 0 0 0 0 0 0 0 0 0 0 0 0 0 0 0 0 0 0 0 0 02/13/93
George Jr            75250 0 1 3 0 2 0 0 2 32 8 -0.1045 0.5540 -9.9058 -4.4393 47 6 0 0 0 0 0 0 0 0 0 0 0 0 0 0 0 0 0 3 02/13/93
Jojo Mojo            9200 0 1 6 0 2 0 0 1 32 8 -0.8073 -0.6301 -14.7824 -6.4438 47 6 0 0 0 0 0 0 0 0 0 0 0 0 0 0 0 0 0 6 02/13/93
Onakasara Onakoson   14200 0 1 4 0 2 0 0 1 32 8 0.9522 -0.5240 8.4745 -21.1980 49 5 0 0 0 0 0 0 0 0 0 0 0 0 0 0 0 0 0 4 02/13/93
Woody Harelson       64250 0 1 3 0 2 0 0 1 32 8 0.2820 -2.9894 -14.7180 -2.9887 47 6 0 0 0 0 0 0 0 0 0 0 0 0 0 0 0 0 0 3 02/13/93
Inigo Montoya        111300 0 1 3 0 2 0 0 3 48 4 -0.1654 -0.5316 -0.1654 -0.5316 48 4 0 0 0 0 0 0 0 0 0 0 0 0 0 0 0 0 0 3 02/13/93
Sixfinger Man        122300 0 1 3 0 2 0 0 4 32 8 -0.3261 -0.9037 -0.3264 -3.9037 48 4 0 0 0 0 0 0 0 0 0 0 0 0 0 0 0 0 0 3 02/13/93
The Prince           76200 0 1 5 0 2 0 0 2 32 8 0.8353 1.2126 -4.9278 -9.1236 8 4 0 0 0 0 0 0 0 0 0 0 0 0 0 0 0 0 0 5 02/13/93
New Dude             3100 4 1 4 0 4 0 0 0 48 5 -9.7354 0.1741 -9.7354 0.1741 48 5 0 0 0 0 0 0 0 0 0 0 0 0 0 0 0 0 0 0 02/13/93
Chris Neuab          3150 2 5 0 5 2 0 0 0 25 2 -60.0000 -300.0000 -60.0000 -300.0000 25 2 10 4 4 3 0 0 0 0 0 0 0 0 0 0 0 0 0 0 02/13/93
Cggtds               3400 2 1 2 0 3 0 0 0 30 7 3.2012 -11.0102 3.2012 -11.0102 7 5 0 0 0 0 0 0 0 0 0 0 0 0 0 0 0 0 0 0 02/13/93
