0 0 2 35 34 35 35 9 9 31
1 1 6 32 37 15 37 31 24 50
2 2 32 33 83 97 4 65 1 65
3 3 43 3 0 4 43 74 21 61
4 4 3 83 44 8 11 4 76 67
5 5 4 21 0 47 43 14 61 29
6 6 44 84 13 10 6 61 35 15
7 7 19 9 15 7 5 35 97 59
8 8 11 13 41 37 3 64 65 44
9 9 49 61 83 18 29 44 8 54
10 10 15 24 43 31 55 24 52 93
11 11 8 72 14 17 7 69 45 41
12 12 9 21 16 78 64 26 44 75
13 13 10 10 7 7 65 36 47 91
14 14 37 16 3 74 14 90 82 96
15 15 51 1 74 11 37 45 20 85
16 16 40 52 32 32 32 16 22 16
17 17 83 37 17 78 4 41 90 81
18 18 24 14 28 90 19 78 36 36
19 19 59 8 78 36 1 3 81 25
20 20 14 13 6 26 10 20 28 69
21 21 37 26 55 25 17 67 27 64
22 22 25 25 65 4 25 64 25 90
23 23 78 28 64 43 26 25 48 26
24 24 41 90 26 41 27 55 67 55
25 25 28 5 21 45 37 43 23 7
26 26 59 41 34 46 44 74 63 45
27 27 0 27 8 49 73 32 41 11
28 28 16 7 84 20 46 7 81 43
29 29 7 19 2 21 61 30 70 37
30 30 51 14 41 14 24 31 93 4
31 31 22 55 97 32 32 70 26 68
32 6 69 18 37 6 39 68 16 20
33 33 29 0 36 0 95 16 33 52
34 17 20 28 5 30 36 26 50 27
35 25 13 33 90 93 41 17 59 78
36 36 28 36 32 5 78 18 14 38
37 37 6 3 87 44 61 72 64 32
38 6 17 64 30 40 2 10 38 97
39 39 1 49 34 1 90 37 50 80
40 40 24 39 43 10 20 36 3 31
41 41 51 22 3 46 35 29 74 65
42 90 2 8 14 55 4 78 17 17
43 43 43 21 97 74 83 32 7 30
44 97 60 10 49 16 13 64 74 24
45 45 74 74 55 36 45 90 42 59
46 97 30 3 79 49 44 45 45 18
47 90 24 14 17 28 21 65 56 9
48 6 8 25 7 33 67 25 55 19
49 49 17 44 18 61 64 8 58 64
50 50 3 34 22 22 23 85 30 28
51 51 18 17 6 29 54 20 95 53
52 52 22 7 43 17 40 67 41 13
53 36 69 6 8 18 39 33 75 6
54 28 65 18 34 52 22 6 97 8
55 55 14 84 14 45 7 39 26 10
56 6 16 21 61 61 64 52 74 45
57 17 23 13 52 31 74 14 11 75
58 90 63 90 78 3 79 43 57 48
59 59 32 30 23 65 90 91 4 31
60 60 60 24 19 23 83 63 32 97
61 97 6 36 30 63 95 18 29 55
62 62 55 17 21 39 33 35 69 90
63 63 59 25 22 54 5 97 66 36
64 64 61 37 28 95 25 20 43 28
65 65 19 97 16 1 78 34 68 66
66 41 26 66 3 0 17 17 90 81
67 45 50 87 55 99 28 55 39 57
68 3 76 64 5 13 11 69 71 50
69 25 4 16 11 90 41 64 36 20
70 16 43 30 70 5 55 78 83 93
71 99 37 73 54 6 4 56 84 56
72 72 28 8 84 79 45 32 72 14
73 73 76 21 13 36 49 69 34 30
74 74 41 84 56 83 51 1 14 47
75 41 83 21 90 9 35 93 37 71
76 37 21 72 3 68 23 51 18 70
77 26 73 21 7 46 31 40 77 2
78 78 6 13 4 28 3 29 28 58
79 17 51 51 28 7 43 54 80 27
80 41 85 10 29 34 14 34 13 3
81 15 64 15 8 20 27 4 27 48
82 7 41 14 40 2 64 11 25 52
83 83 37 30 91 45 46 46 75 18
84 84 90 40 2 65 32 15 51 24
85 85 18 28 64 64 90 37 85 51
86 14 24 27 66 78 15 97 7 76
87 87 59 7 43 38 97 44 15 79
88 88 88 78 17 97 74 21 65 33
89 89 65 90 37 8 18 31 6 39
90 90 5 69 78 19 95 69 78 13
91 97 91 30 55 32 55 90 80 46
92 92 10 19 70 15 78 7 54 74
93 93 8 74 54 56 38 29 21 58
94 94 13 5 2 18 5 32 73 95
95 95 78 3 27 54 36 41 32 57
96 45 32 65 59 35 45 78 69 23
97 97 65 23 32 66 32 69 20 82
98 98 23 35 97 25 6 84 10 1
99 99 1 39 39 20 99 47 30 72
